nmr	mb	Nsamples	spearmanR	p.value	FDR	FWER
"S_VLDL_TG"	"TCA"	297	-0.225632893418128	9.11649011464651e-05	0.046	0.7
"XS_VLDL_TG"	"TCA"	297	-0.233498141216262	5.07160082399713e-05	0.0321917808219178	0.54
"XL_HDL_P"	"PWY-5100"	297	-0.231923351050868	5.71251212033903e-05	0.0354430379746835	0.6
"XL_HDL_L"	"PWY-5100"	297	-0.235342267221462	4.40740654734679e-05	0.0285714285714286	0.49
"XL_HDL_C"	"PWY-5100"	297	-0.248796691749712	1.53076303280502e-05	0.0155555555555556	0.27
"XL_HDL_CE"	"PWY-5100"	297	-0.247647891943194	1.67929232673289e-05	0.0151063829787234	0.27
"XL_HDL_FC"	"PWY-5100"	297	-0.238330612491686	3.502544765084e-05	0.0250793650793651	0.44
"S_HDL_FC"	"PWY-5101"	297	0.227842572725553	7.42474284747927e-05	0.0396703296703297	0.65
"XL_VLDL_C_percent"	"PWY0-1296"	297	-0.227893390645068	7.71810709950618e-05	0.0402127659574468	0.66
"XL_VLDL_FC_percent"	"GOLPDLCAT-PWY"	297	-0.22866429577839	7.28931038769907e-05	0.0391111111111111	0.63
"XL_VLDL_FC_percent"	"PWY-6609"	297	-0.254607566688104	9.51868627788045e-06	0.0122222222222222	0.16
"XL_VLDL_FC_percent"	"PWY0-1296"	297	-0.245062634324379	2.0651192954952e-05	0.0172549019607843	0.31
"XL_VLDL_TG_percent"	"PWY0-1296"	297	0.224983372634379	9.56040197983363e-05	0.0480392156862745	0.72
"L_VLDL_C_percent"	"GOLPDLCAT-PWY"	297	-0.228143488210602	7.57645939413174e-05	0.0398924731182796	0.65
"L_VLDL_C_percent"	"PWY0-1296"	297	-0.291463519651439	3.58614921330874e-07	0	0
"L_VLDL_CE_percent"	"PWY0-1296"	297	-0.255413741990923	8.90364426799584e-06	0.0127272727272727	0.15
"L_VLDL_TG_percent"	"PWY0-1296"	297	0.274648809883709	1.69556707561275e-06	0.00294117647058824	0.02
"M_VLDL_C_percent"	"PWY0-1296"	297	-0.257283060974336	7.61976086449717e-06	0.0113333333333333	0.11
"M_VLDL_CE_percent"	"PWY0-1296"	297	-0.266834406096151	3.37653321311715e-06	0.00608695652173913	0.05
"M_VLDL_TG_percent"	"PWY0-1296"	297	0.236119585112874	4.15283143298708e-05	0.0269117647058824	0.45
"S_VLDL_C_percent"	"GOLPDLCAT-PWY"	297	-0.240876019399509	2.87332996355804e-05	0.0210344827586207	0.4
"S_VLDL_C_percent"	"PWY-6317"	297	-0.232047941779485	5.65914572565085e-05	0.035	0.59
"S_VLDL_C_percent"	"PWY-6527"	297	-0.243447077339695	2.34742242669033e-05	0.018	0.32
"S_VLDL_C_percent"	"PWY0-1296"	297	-0.268633184740567	2.88674476960353e-06	0.005	0.05
"S_VLDL_C_percent"	"PWY66-422"	297	-0.232047941779485	5.65914572565085e-05	0.035	0.59
"S_VLDL_CE_percent"	"GOLPDLCAT-PWY"	297	-0.252455170240405	1.13649978235451e-05	0.0155263157894737	0.21
"S_VLDL_CE_percent"	"PWY-6317"	297	-0.237097988775841	3.85212768179492e-05	0.0270769230769231	0.44
"S_VLDL_CE_percent"	"PWY-6527"	297	-0.251765340691515	1.20255201737797e-05	0.0153846153846154	0.22
"S_VLDL_CE_percent"	"PWY0-1296"	297	-0.274844399005473	1.66613883507507e-06	0.003125	0.02
"S_VLDL_CE_percent"	"PWY66-422"	297	-0.237097988775841	3.85212768179492e-05	0.0270769230769231	0.44
"S_VLDL_TG_percent"	"GOLPDLCAT-PWY"	297	0.232293458803526	5.5553562612266e-05	0.0351315789473684	0.58
"S_VLDL_TG_percent"	"PWY0-1296"	297	0.239882958003763	3.10488442777499e-05	0.0227118644067797	0.42
"XS_VLDL_C_percent"	"GOLPDLCAT-PWY"	297	-0.243596402992376	2.31986883789791e-05	0.0181481481481481	0.32
"XS_VLDL_C_percent"	"PWY-6317"	297	-0.228827363055551	7.20153132260801e-05	0.0393258426966292	0.63
"XS_VLDL_C_percent"	"PWY-6435"	208	0.269613491009372	8.71042316644438e-05	0.0450515463917526	0.7
"XS_VLDL_C_percent"	"PWY-6527"	297	-0.24501408058455	2.07311278465119e-05	0.0169230769230769	0.31
"XS_VLDL_C_percent"	"PWY-6969"	297	0.231591261792604	5.8570857735692e-05	0.0348192771084337	0.61
"XS_VLDL_C_percent"	"PWY66-422"	297	-0.228827363055551	7.20153132260801e-05	0.0393258426966292	0.63
"XS_VLDL_C_percent"	"TCA"	297	0.25700731237644	7.79738362028301e-06	0.0116129032258065	0.12
"XS_VLDL_CE_percent"	"GOLPDLCAT-PWY"	297	-0.245845448865583	1.94020906193531e-05	0.0164	0.3
"XS_VLDL_CE_percent"	"LACTOSECAT-PWY"	297	-0.22723012823684	8.10593182259431e-05	0.0420833333333333	0.68
"XS_VLDL_CE_percent"	"PWY-6527"	297	-0.241243378827271	2.79189133362111e-05	0.0210526315789474	0.38
"XS_VLDL_CE_percent"	"TCA"	297	0.250074204772191	1.38026315692006e-05	0.0145454545454545	0.24
"XS_VLDL_TG_percent"	"GOLPDLCAT-PWY"	297	0.25129766740505	1.24939074891708e-05	0.01525	0.22
"XS_VLDL_TG_percent"	"PWY-6317"	297	0.250194214959316	1.36687132860668e-05	0.0146511627906977	0.23
"XS_VLDL_TG_percent"	"PWY-6527"	297	0.258823039024381	6.69652239725631e-06	0.0103448275862069	0.09
"XS_VLDL_TG_percent"	"PWY0-1296"	297	0.264805226214622	4.02421153218105e-06	0.0064	0.06
"XS_VLDL_TG_percent"	"PWY66-422"	297	0.250194214959316	1.36687132860668e-05	0.0146511627906977	0.23
"XS_VLDL_TG_percent"	"TCA"	297	-0.233469283804854	5.08270884915564e-05	0.0317567567567568	0.54
"IDL_C_percent"	"GOLPDLCAT-PWY"	297	-0.248582780461975	1.55743910207319e-05	0.0152173913043478	0.27
"IDL_C_percent"	"PWY-6317"	297	-0.270544186651569	2.44105092924042e-06	0.00285714285714286	0.02
"IDL_C_percent"	"PWY-6527"	297	-0.28714681734816	5.39406069346578e-07	0	0
"IDL_C_percent"	"PWY0-1296"	297	-0.305865658214652	8.75715780898187e-08	0	0
"IDL_C_percent"	"PWY66-422"	297	-0.270544186651569	2.44105092924042e-06	0.00285714285714286	0.02
"IDL_FC_percent"	"PWY0-1296"	297	-0.233215979860275	5.18120304550954e-05	0.0322666666666667	0.54
"IDL_TG_percent"	"COA-PWY"	297	0.226129424116001	8.79029535089262e-05	0.045	0.7
"IDL_TG_percent"	"GOLPDLCAT-PWY"	297	0.272665435417113	2.02348497433777e-06	0.00333333333333333	0.02
"IDL_TG_percent"	"PWY-5667"	297	0.23515263280364	4.47171269546616e-05	0.0285915492957746	0.49
"IDL_TG_percent"	"PWY-6121"	297	0.231063583412577	6.09392791949856e-05	0.0348235294117647	0.62
"IDL_TG_percent"	"PWY-6317"	297	0.289947818471308	4.14192574271439e-07	0	0
"IDL_TG_percent"	"PWY-6527"	297	0.300404736646347	1.50768446694212e-07	0	0
"IDL_TG_percent"	"PWY0-1296"	297	0.321600734352412	1.72214979476805e-08	0	0
"IDL_TG_percent"	"PWY0-1319"	297	0.239101975679157	3.29928000913019e-05	0.0232786885245902	0.42
"IDL_TG_percent"	"PWY66-422"	297	0.289947818471308	4.14192574271439e-07	0	0
"IDL_TG_percent"	"TCA"	297	-0.228334038736723	7.47018459559491e-05	0.0395652173913043	0.65
"L_LDL_C_percent"	"PWY-6317"	297	-0.231768986802544	5.77929009468188e-05	0.0348148148148148	0.6
"L_LDL_C_percent"	"PWY-6527"	297	-0.239056628318373	3.31091409222063e-05	0.0230645161290323	0.42
"L_LDL_C_percent"	"PWY0-1296"	297	-0.293048845062268	3.081794339932e-07	0	0
"L_LDL_C_percent"	"PWY0-1319"	297	-0.226126675791105	8.79207024152854e-05	0.0445454545454545	0.7
"L_LDL_C_percent"	"PWY66-422"	297	-0.231768986802544	5.77929009468188e-05	0.0348148148148148	0.6
"L_LDL_TG_percent"	"GOLPDLCAT-PWY"	297	0.25090832137812	1.28970230115793e-05	0.0151219512195122	0.22
"L_LDL_TG_percent"	"NONOXIPENT-PWY"	297	0.224654489755161	9.79285299903635e-05	0.049126213592233	0.73
"L_LDL_TG_percent"	"PWY-5667"	297	0.244683365488735	2.1283446139898e-05	0.0167924528301887	0.31
"L_LDL_TG_percent"	"PWY-6317"	297	0.277874885257436	1.26814252588228e-06	0.00214285714285714	0.01
"L_LDL_TG_percent"	"PWY-6527"	297	0.282832863369776	8.05863056792223e-07	0	0
"L_LDL_TG_percent"	"PWY-7199"	297	0.22427247259462	0.000100695287610758	0.0495238095238095	0.76
"L_LDL_TG_percent"	"PWY0-1296"	297	0.320482624173899	1.93898254156424e-08	0	0
"L_LDL_TG_percent"	"PWY0-1319"	297	0.246197234452268	1.88644130433191e-05	0.016875	0.3
"L_LDL_TG_percent"	"PWY66-422"	297	0.277874885257436	1.26814252588228e-06	0.00214285714285714	0.01
"M_LDL_C_percent"	"PWY0-1296"	297	-0.264326559628573	4.1934361074965e-06	0.00653846153846154	0.06
"M_LDL_TG_percent"	"GOLPDLCAT-PWY"	297	0.224334767958929	0.00010023915419916	0.0498076923076923	0.76
"M_LDL_TG_percent"	"PWY-6317"	297	0.255101349061081	9.13734457267987e-06	0.012	0.15
"M_LDL_TG_percent"	"PWY-6527"	297	0.265335194865396	3.84445775618472e-06	0.00583333333333333	0.05
"M_LDL_TG_percent"	"PWY0-1296"	297	0.278363170980621	1.21321981951288e-06	0.0025	0.01
"M_LDL_TG_percent"	"PWY66-422"	297	0.255101349061081	9.13734457267987e-06	0.012	0.15
"S_LDL_C_percent"	"PWY-6527"	297	-0.22508506065553	9.48958681538929e-05	0.0479207920792079	0.71
"S_LDL_C_percent"	"PWY0-1296"	297	-0.276703640797601	1.409762714037e-06	0.002	0.01
"S_LDL_TG_percent"	"COA-PWY"	297	0.229000507523997	7.1094183214977e-05	0.0397701149425287	0.63
"S_LDL_TG_percent"	"GOLPDLCAT-PWY"	297	0.239354363515437	3.23523219750434e-05	0.0235	0.42
"S_LDL_TG_percent"	"PWY-6317"	297	0.264046688543333	4.2955039436887e-06	0.00607142857142857	0.06
"S_LDL_TG_percent"	"PWY-6527"	297	0.271086522764375	2.32706860560974e-06	0.00315789473684211	0.02
"S_LDL_TG_percent"	"PWY0-1296"	297	0.284299094701779	7.0359139744428e-07	0	0
"S_LDL_TG_percent"	"PWY66-422"	297	0.264046688543333	4.2955039436887e-06	0.00607142857142857	0.06
"XL_HDL_FC_percent"	"PWY-6969"	297	-0.235456780758794	4.36899845858557e-05	0.0284057971014493	0.48
"XL_HDL_FC_percent"	"TCA"	297	-0.255454050756064	8.87390707306364e-06	0.013125	0.15
"LA_FA_ratio"	"PWY-6969"	297	0.243418677982436	2.35269766066691e-05	0.0178571428571429	0.32
"LA_FA_ratio"	"TCA"	297	0.236815827419854	3.93666580960937e-05	0.026969696969697	0.45
"MUFA_FA_ratio"	"TCA"	297	-0.246185325044385	1.8882382159269e-05	0.016530612244898	0.3
"Ala"	"PWY-5100"	297	0.23681170493251	3.93791384591459e-05	0.0265671641791045	0.45
"Ile"	"PWY-5100"	297	0.234075747498566	4.85402612446343e-05	0.0309722222222222	0.53
"Leu"	"PWY-5101"	297	0.227514121809424	7.93768036925662e-05	0.0412631578947368	0.67
"Gp"	"PWY-5004"	276	-0.240281959446926	5.78590231267593e-05	0.0345121951219512	0.61
"Gp"	"PWY-5100"	297	0.230567052714704	6.32501293376686e-05	0.0352325581395349	0.62
"FALen"	"PWY0-1296"	297	0.25248631792256	1.13360027599632e-05	0.0159459459459459	0.21
"Pyr"	"LACTOSECAT-PWY"	297	0.231447432789715	5.92076620544455e-05	0.0345238095238095	0.61

